150	681
785	372
696	512
142	13
760	962
665	696
376	376
800	376
1102	41
365	1102
671	1104
744	823
891	744
744	753
823	891
753	823
970	25
352	25
970	970
25	589
25	25
796	25
589	589
589	796
796	796
542	543
1024	1023
338	811
338	923
811	923
44	839
1078	839
343	44
80	343
147	343
906	813
964	44
191	964
44	191
417	595
595	418
33	417
33	418
33	595
595	851
595	419
416	595
595	595
33	851
596	33
834	1002
662	510
510	833
551	548
551	549
551	550
598	847
847	658
157	598
719	720
282	48
282	1038
282	282
262	48
1038	262
262	262
938	821
821	826
938	826
702	938
826	702
2	411
960	742
44	51
824	853
673	210
943	943
689	1001
651	1001
651	651
689	651
625	88
780	18
844	871
777	18
97	814
33	33
698	746
982	293
982	815
982	948
954	314
954	15
739	676
913	669
669	745
866	669
709	669
55	725
747	838
81	728
859	728
86	680
75	192
18	592
13	911
13	1078
1077	13
716	13
1078	911
911	1077
716	911
536	702
850	663
910	930
903	930
794	903
903	883
903	944
842	903
980	903
903	807
806	903
903	841
903	965
995	903
903	1103
903	656
903	776
803	903
903	931
969	903
848	903
976	903
758	991
1001	985
715	843
801	851
102	1039
861	858
858	9
714	858
858	60
60	861
714	861
9	60
714	9
64	60
861	667
1041	518
1041	136
518	675
1041	675
507	512
411	694
694	775
775	411
954	858
865	18
18	840
361	361
534	770
534	77
890	310
310	956
310	880
46	310
310	77
310	310
310	770
310	213
310	525
310	580
310	670
310	688
688	712
858	688
974	862
310	974
880	974
310	197
310	963
963	718
836	963
197	963
695	963
688	963
974	46
30	974
817	46
817	755
1013	46
1040	974
808	310
718	310
973	311
310	647
973	310
77	77
77	225
310	225
310	860
46	311
183	590
774	183
44	774
183	710
933	774
774	978
774	793
524	183
591	183
44	183
524	44
593	594
44	593
979	593
593	183
107	591
591	152
290	591
774	591
925	591
591	981
591	740
183	740
925	774
774	981
740	774
925	839
981	839
740	839
805	183
771	805
771	774
805	774
7	740
44	7
7	839
981	7
855	7
955	955
955	183
774	955
933	955
710	955
7	183
710	7
7	701
802	889
854	901
72	507
72	64
507	506
892	845
892	918
914	892
918	914
845	783
886	783
939	796
939	25
589	939
110	110
3	195
509	195
110	792
996	110
202	934
230	1003
1003	761
130	17
135	17
999	71
71	611
612	71
130	135
130	837
610	611
612	610
887	997
936	135
611	825
825	14
230	191
236	135
937	837
135	825
589	352
796	352
220	1110
1113	1112
1117	728
25	1127
25	1128
1129	25
1130	25
970	1128
970	589
352	970
970	796
1127	970
939	970
970	1132
970	1130
1129	939
939	1128
1128	589
1129	589
1130	589
589	1127
1132	589
1128	352
796	1128
796	1130
796	1127
796	1132
1140	1141
1142	1141
1143	854
824	1144
197	890
1145	1144
1145	809
314	1145
1145	1146
954	1145
1145	858
1148	1147
1149	1147
1147	611
1147	1150
1147	855
1151	1147
1152	1147
1163	1163
896	1183
1192	1191
1195	1189
1189	1196
1196	1190
1197	1196
1198	1199
1199	1200
1217	1215
880	1221
1223	1222
1230	1229
862	1208
1231	862
1233	1232
1234	1236
1234	1239
1252	1252
1259	1259
1262	1261
1262	658
1262	1266
1287	1286
969	1288
842	969
1290	1289
1287	1295
1296	1287
1304	1305
1315	1314
1318	1318
1319	1263
1328	1328
1329	1330
1333	1332
1336	1338
1336	1339
1260	1336
871	1336
1341	1336
1336	1342
1336	1264
1352	1353
747	1356
1356	1357
1362	1361
1363	1361
1363	1362
727	1364
1371	1331
157	1372
419	1380
1387	1386
1409	1409
1407	1409
1410	1411
1283	1416
1243	794
794	1330
794	1417
794	1418
1419	794
1421	794
848	1330
1418	848
848	1419
903	1417
1426	1324
1427	1428
1428	1429
1430	1431
1434	1433
1178	1435
1447	1448
1463	931
1465	1467
1468	1387
1471	1470
1473	1205
1475	1476
866	1484
709	866
1485	1486
944	1487
944	1488
944	1489
1493	1494
1502	1501
1501	1503
1501	1504
1493	1507
1495	1493
1496	1493
1493	1508
1509	1493
1493	1510
1516	1517
1524	1523
1482	1532
1533	866
1533	1511
1512	1533
1538	1537
1540	1539
1546	1432
1548	1547
195	1554
1172	1555
1233	1556
1557	1558
1208	1040
755	1208
1567	1566
130	1570
1573	1574
1580	1578
1583	1582
1389	1288
1588	1587
1587	1587
1587	1589
1590	1587
1591	1587
1594	1595
1596	1592
1601	770
1616	1615
865	592
1625	1236
1236	1277
1626	1236
1439	1236
1628	1236
1629	1236
1630	1236
1236	1631
1239	1236
1634	1633
1636	1637
1531	1364
1421	1634
1298	18
592	1298
592	1640
592	1641
1642	1643
1644	1642
1645	1643
1645	1644
1579	1649
1372	1655
943	1656
1658	1659
290	1435
1442	1442
728	1224
728	1469
1206	728
1670	728
64	1292
1682	1681
1683	1681
1681	1684
1683	1685
1691	1483
1691	1490
1700	1701
1700	1702
1409	1702
1702	1194
1407	1702
1703	1703
1551	1705
548	548
1710	1709
1711	1709
1718	1719
1721	1720
1726	1722
1736	1737
1740	1739
1742	1741
1745	1744
1746	1747
1753	1754
1765	1377
1771	1770
1443	1328
1353	1443
719	1772
1779	1380
1780	592
1799	1800
1809	1810
1811	921
1674	1811
1813	1812
1762	1762
1728	1822
1823	1822
1826	1825
1836	1837
1569	1569
1853	1852
1728	1823
1228	1227
1862	1862
1862	1863
1866	1747
1874	1370
1872	1872
804	1490
1372	1893
1883	1894
1899	1448
1903	1901
1206	1906
1907	1908
1915	1681
1922	1763
1924	1925
1924	1491
1927	1928
1932	1400
1935	1738
1228	1228
1500	931
1898	1500
1194	1490
1236	1953
855	1954
1966	1967
1968	1643
1968	1695
1968	1644
1969	1969
1638	1638
1972	1971
1400	1978
1989	1990
1991	1989
1380	1980
1188	1992
1997	1283
1998	1999
2003	1194
695	2026
2026	1987
2029	2028
1853	1853
1190	1197
1262	1039
1710	1711
1649	1296
1721	1721
1418	1417
1417	1419
1644	1644
1644	1695
1287	1649
1828	1828
1698	1698
1579	1927
1747	1747
1695	1642
1695	1695
1305	1305
2038	2038
2048	1350
1755	2052
855	2054
2060	1364
2062	2062
2063	2063
1644	2069
2075	2076
1736	2077
1728	2080
1729	2080
2083	2084
2097	2097
1819	2101
2103	2103
2111	2111
1760	2115
2144	2144
2145	2021
2059	2059
2059	1729
2146	2146
1695	2069
1654	2147
1654	1432
1654	1323
1654	1836
1654	2148
2149	1654
844	1654
1654	2150
1654	2151
1654	2017
14	611
14	2194
611	2194
2195	611
611	937
14	610
14	837
837	936
1555	416
48	2199
1038	2199
2199	282
2199	262
534	718
534	695
534	973
809	310
310	1144
712	310
310	2201
2202	310
183	896
183	107
152	183
290	183
183	839
183	925
183	981
933	183
2203	183
2204	183
183	771
2205	901
901	2206
72	506
64	506
507	507
507	2209
507	696
845	918
845	914
939	1130
939	110
939	1373
2211	2210
2210	760
2212	2210
2213	2214
2215	2213
2213	2216
2213	1611
2217	2218
2219	2217
2217	2220
963	2217
2221	2217
2217	2222
2217	728
2223	2223
2224	2223
1447	2223
2223	974
2225	2223
2226	688
2227	688
688	2228
2229	688
2230	688
2050	2050
2020	2050
2231	2050
2050	2232
2050	2233
862	2226
2231	2020
2020	2234
2232	2020
2233	2020
202	191
2235	191
1219	2236
2237	2238
985	1222
1039	1637
2240	2239
2241	2239
2242	2239
2243	2244
2243	747
2245	2243
1423	2022
2080	2022
2019	2246
2019	785
2234	2019
2019	2080
2145	2247
2247	2248
2247	1726
1722	2247
2249	2250
2251	1267
2252	2251
2251	2253
2254	2251
1202	2255
2256	2255
2257	2255
2258	2259
2260	853
2261	2262
1041	2261
2261	2261
2261	2263
2261	2264
2261	2253
2265	2261
2266	2261
1039	2267
1039	1261
658	1039
1266	1039
1039	2268
1039	2269
2229	1039
2270	1039
2271	1039
2272	1039
2274	2273
1999	2273
2273	702
985	1223
2275	1223
1202	590
2256	1202
2257	1202
1625	1234
1625	1618
1625	1628
2267	1625
2228	862
2276	862
862	2229
1217	862
2277	862
1144	862
862	1559
862	712
2279	2278
2278	2280
1340	2278
860	963
2221	860
2222	860
2282	2281
2283	2281
2267	2284
2285	2267
2267	2286
2267	2287
2267	2288
2267	2289
1235	2290
1235	2291
2293	2292
2294	2295
959	1567
1566	959
959	597
2297	2296
2296	1476
821	702
2299	2298
611	2298
611	2299
2300	883
2300	2300
2301	2302
1470	2303
330	2275
985	2275
1302	44
1302	839
2270	2229
1234	2270
1626	2270
2270	712
2270	847
598	2270
2304	536
2305	536
536	2306
536	833
662	536
536	2307
1144	536
2308	536
2222	536
591	839
2309	2235
2303	2310
847	1448
598	1448
1023	1273
1524	1274
2262	1274
2311	1274
1274	681
2312	2262
681	2312
2252	376
747	2244
2074	2244
81	2244
2244	866
709	2244
2244	2313
2314	2244
2244	2315
2244	1752
2244	838
2316	1001
2317	2318
2261	2317
2263	2317
77	2317
2320	2319
2290	2321
2291	2290
2322	2290
2323	1432
2323	1546
1957	1243
2325	2324
2326	2307
2307	611
2220	1340
695	2220
1340	957
2228	2229
2269	2229
2229	1267
954	2229
2327	1327
2328	2327
2310	1327
2310	2328
1524	2329
2330	1151
1687	1263
1263	2331
1263	2332
2333	594
593	2334
1690	2334
2334	2335
1178	2334
2334	2093
1435	2334
2334	1659
2334	1186
2334	1562
2336	2334
1617	2334
107	2334
2334	152
2334	1658
290	2334
2334	1018
2334	611
2334	1700
2334	1701
9	99
2337	9
2338	2296
512	512
2340	854
2341	854
1295	854
2342	854
854	2339
840	1298
1327	2343
1327	2328
1327	1185
1327	1328
2343	2328
1185	2328
2328	1328
2344	2345
2346	2346
1524	2346
2346	2262
2348	2347
2349	1336
557	2349
2351	2350
2313	2350
2352	2350
1254	2350
2314	2350
330	1223
2353	1308
15	2265
2354	15
15	861
1234	1626
1373	1626
747	1131
747	728
747	2355
2356	747
747	2357
760	747
1459	747
747	2358
1484	747
747	2245
859	747
911	747
747	1533
2315	747
2359	2359
1363	2360
418	2361
418	417
419	418
418	416
710	418
2362	418
2363	418
512	418
417	2361
417	419
416	417
417	512
419	416
419	2361
2361	416
2364	416
2364	2365
2366	2364
1558	2367
2368	1558
1558	861
1558	2369
1558	2370
1448	2369
2370	1448
2370	714
2371	2371
2372	2371
1399	1371
2373	1371
1371	1488
1489	1371
2374	2375
1339	2375
1336	2375
893	818
2376	1339
2376	1336
2376	557
1336	2372
1336	551
2377	1336
2378	1336
1336	695
921	1336
376	695
2252	2252
2379	2262
1524	2262
2311	2262
2021	2262
2253	2262
2262	2265
861	2262
2329	2262
893	667
2380	2380
1339	858
858	2381
858	858
858	667
2382	858
2228	954
2383	954
64	1291
861	880
14	2384
2385	2384
2386	2384
837	2384
55	2384
2384	71
611	2384
2194	2384
1567	1567
2387	1205
2387	1473
1466	2357
1357	2357
2388	2357
2357	2245
2351	2357
2357	2389
2357	2074
81	2357
866	2357
2390	2357
740	855
598	2391
800	2373
376	2373
2392	2392
2392	2393
2392	2394
2392	2395
2396	2392
75	2397
14	2259
611	2259
2398	2259
1291	60
1292	60
60	2271
714	2271
2271	2354
1682	2399
816	2399
2400	2400
2401	2402
2403	2391
72	72
2404	72
72	1346
72	1242
1346	2404
1242	2404
2404	959
1346	959
2405	2291
2406	2291
1293	2291
2291	2291
2291	2407
2407	2405
2407	2406
1293	2407
2407	2407
1293	2408
2409	1293
2410	1439
1439	2241
1439	1234
2241	2242
1445	2241
2411	2241
775	764
775	775
665	18
1516	2224
1448	2224
2224	99
2224	2337
99	1447
2337	1447
2412	2413
2412	2414
2415	2412
2412	2416
2417	2412
2417	2413
44	2418
1313	1313
1313	2419
2420	1313
2311	2329
1140	1142
2415	2421
2415	2416
2415	2422
2415	2423
2415	1545
1896	2415
2424	2415
2415	2425
731	2415
2422	2423
1457	2426
991	2427
1459	911
665	1459
1459	745
2389	1459
1459	2428
2074	1459
2429	1459
81	1459
859	1459
1459	913
2430	1459
1542	2431
808	808
1819	2222
2222	2219
2222	963
1524	861
99	861
861	2337
861	861
1300	18
44	1300
2433	2432
2434	696
2425	2435
2435	2435
1702	2435
2437	2436
2373	2373
2373	2438
969	2373
2373	2295
2373	1827
2373	2439
2326	2373
2373	663
2294	2373
2441	2440
774	107
152	774
774	290
839	774
745	2388
1484	745
709	745
745	866
745	2429
745	2442
745	1520
745	1533
2372	2295
2443	2295
2295	2331
1443	2295
1760	2295
2257	2256
709	1484
760	1484
1484	2245
913	1484
1533	1484
1484	2444
1484	1678
2245	1357
2074	2245
81	2245
859	2245
728	2245
2445	702
2446	702
2447	2446
2446	2445
2447	2448
1399	81
81	2449
2358	81
1473	81
2326	81
2450	81
913	81
81	1678
1533	81
2449	1357
2449	859
2347	2449
2449	2348
2108	411
411	2451
411	764
2253	2358
2352	2314
2314	2358
2326	2314
2314	913
2314	1678
770	77
2313	2452
1399	2313
2358	2313
2389	2452
728	2313
728	2452
1399	866
2356	866
2358	866
913	846
913	2450
1131	728
2315	838
44	2204
589	1657
1657	1550
1657	1657
740	44
740	981
925	740
44	591
2285	2284
2284	2286
2284	2287
2288	2284
2289	2284
2284	2453
2284	1517
2285	2286
2287	2285
2288	2285
2289	2285
2286	2287
2288	2286
2289	2286
2288	2287
2289	2287
2288	2289
2455	2454
2456	2454
2457	2454
2454	2458
2454	2459
2454	2460
676	2454
2455	2456
2455	2457
2455	2458
2459	2455
2455	2460
676	2455
2457	2456
2456	2458
2456	2459
2456	2460
676	2456
2457	2458
2457	2459
2457	2460
676	2457
2459	2458
2458	2460
676	2458
676	2460
2461	1648
107	740
2462	868
974	99
99	880
2463	99
2275	1850
2464	2275
2275	944
2275	1488
1489	2275
1516	2275
2275	2465
2466	1340
1340	695
2029	2297
1476	2297
2467	2297
2468	2297
2297	2469
2470	2297
2297	2028
44	2347
701	2347
44	2348
2348	701
592	777
1150	1530
1150	2471
861	2368
2368	2472
944	944
2473	1749
2473	2474
2473	2475
1501	2473
2474	1749
2475	1749
1501	1749
2474	2475
2474	1501
2476	1563
1563	2477
2475	2476
2475	1501
2475	2478
2479	911
701	911
1448	2480
99	1448
973	973
1338	2481
2482	2481
1373	1236
996	33
2483	33
2484	595
597	681
2485	597
597	1725
597	2486
2487	597
827	597
597	2488
2490	2489
2491	1694
2396	2491
2396	1694
1423	2492
2492	785
2493	2492
2494	1460
1460	2495
1460	2496
2021	2497
2498	2499
1524	2311
2501	2500
2228	2230
2502	2238
1594	1596
1596	44
1589	979
611	2503
611	1148
611	1149
611	1701
580	2505
2505	2506
2055	2505
2505	1583
2508	2507
55	14
71	14
837	55
71	55
611	55
2509	2130
744	2510
2511	1040
1516	1040
1040	1231
2403	1040
3	2512
2513	1336
2372	2372
2514	851
851	2515
2322	2516
2484	697
1547	2484
1555	2517
3	3
3	2518
3	2109
195	195
731	2425
2424	1545
2424	1896
2351	1533
1533	2389
1533	2074
1533	1467
2519	2520
1704	2519
758	1001
2521	557
2522	1957
2523	2524
2525	2523
2523	2526
2523	2417
2417	2527
2528	2417
2529	2417
2530	2417
2531	2417
2533	2532
2532	2532
2532	2526
2532	2534
2535	2532
2526	2536
2537	2538
411	411
2451	2108
2451	694
2539	2302
2539	2540
2108	2540
2108	2302
1330	883
1418	1330
794	883
794	2570
883	848
1330	2587
794	2587
2587	883
903	2587
848	1288
1417	883
1417	848
1417	1330
1421	1417
1417	2587
1418	883
1418	903
2587	1418
1419	1418
883	1419
2587	1419
1419	2570
2607	1419
2570	903
2607	903
969	883
842	842
2649	2217
2219	2649
963	2649
611	2238
534	2276
534	1472
890	77
2681	688
688	2410
688	2682
2683	688
2575	2276
1208	1656
853	1208
1208	943
1517	2226
2276	2227
2246	2227
2227	2687
2227	2585
2689	2270
836	2696
2277	2696
1656	853
853	853
853	2037
2698	2228
2410	2228
2699	2228
2700	2228
1039	1267
1039	1496
1508	1039
2485	1039
1253	2708
48	1038
282	262
2276	853
2723	2722
2722	2006
1217	1208
853	1217
2276	1217
2739	1217
2277	1217
667	1217
1283	1217
2694	1217
1517	1217
2277	853
2277	2276
667	2277
2277	1283
2694	2277
2277	1517
2746	1646
770	2746
2746	1374
2746	2753
2754	2746
2746	2755
2026	2746
2762	2006
770	963
2775	963
963	1734
2144	1432
1432	1702
1338	1455
1455	2276
99	2783
77	46
2806	2808
2808	2807
1526	1528
1526	1193
1526	2809
1526	2810
1526	1471
2813	1526
1527	2806
2806	2807
2806	2815
2338	1527
1527	2818
2807	1295
2807	846
2807	1443
2807	2819
2820	2807
1893	2821
2822	709
2818	2822
2823	1471
2039	2818
2818	1716
1549	1548
1559	2276
2277	1559
1040	1559
2864	1112
1112	1683
1112	1112
1113	1113
1548	2876
1471	2876
2877	2876
2879	1578
1589	1590
2230	1208
770	2889
770	770
770	1602
770	1987
770	2890
770	2891
1188	770
770	2006
2810	2815
2897	2897
2300	2911
697	2911
2911	2912
695	2926
1730	695
695	2756
2276	973
973	2006
1472	973
2026	973
662	1601
662	770
803	1601
770	803
1601	2931
770	2931
793	1601
770	793
2711	1601
770	2073
1678	1601
770	2932
2933	770
770	2934
1533	770
770	2449
770	1410
770	2936
770	1009
770	1611
770	2937
770	2938
2939	770
2943	770
2947	2698
2947	1646
1473	2947
2947	551
2947	2080
2006	2947
2802	2947
2950	77
2951	1196
770	2952
2954	770
770	2955
2957	770
770	2958
2006	1601
963	1601
2006	2410
2891	1601
2577	1601
2577	770
1469	1691
1517	2276
2625	1517
1517	2750
1248	1517
2694	1517
1517	1517
2244	868
2968	2244
2969	2244
2957	2244
2244	2970
2244	2682
2971	2244
2244	2972
2244	2973
2974	2244
2244	2535
2012	2244
2244	1776
2244	2976
2244	2977
2978	2244
2244	2979
2961	2244
2980	2244
2244	2981
2244	969
2990	893
2722	2722
2493	2493
2982	2991
1481	818
3010	2260
3010	3022
3010	1215
1517	2453
3026	3025
3027	3025
3028	3025
3028	3028
3025	3029
3030	3025
3025	3031
3032	3025
3033	3025
3034	3025
1207	3025
3035	3025
3036	3025
3025	3037
3038	3025
3039	3025
3040	3025
3041	3025
2985	3025
3030	3028
3028	3031
3032	3028
3033	3028
3028	3034
3028	1207
3028	3035
3036	3028
3037	3028
3028	3038
3028	3039
3028	3040
3028	3041
2985	3028
3028	3029
3038	3034
3033	3038
3037	3038
3038	3039
3039	3033
3039	3034
3039	3037
3026	3028
3034	3033
3034	1207
1646	1646
2880	1322
3821	1687
1609	1523
3905	1609
2283	1609
1609	2282
3913	1199
2258	2398
1292	714
1291	714
2954	3941
2635	3820
3944	1540
1532	3945
157	1288
3978	3977
3994	2021
3994	2774
963	4035
1863	963
4214	2700
2529	2530
1720	1720
4266	2621
4290	851
1513	4295
728	4298
4339	2729
1990	1991
4362	4363
4370	2232
4373	1194
1113	1681
1505	2619
2144	1195
2520	1704
1117	4434
1695	1643
1643	1644
913	2389
1668	2389
1517	2281
1686	2054
1691	4533
1691	1969
1490	4297
1490	1490
1326	1185
1185	1328
2343	1185
1826	2074
1826	4792
4472	4345
4806	3913
2681	1724
2940	2489
1932	2387
4857	4307
2721	2074
4534	4534
1717	1717
2531	2528
4477	1377
2410	2762
1262	2268
2704	1475
4499	1752
1490	1189
2144	1189
2246	4954
4965	2684
1490	2065
4999	1478
3908	2005
2259	1494
2430	2074
1243	883
842	1243
1805	1862
5134	4345
809	4869
4896	5207
5209	5210
4253	1490
1971	1236
2607	5266
5175	1800
5268	1473
1518	4618
842	1288
4483	5336
4857	1482
2729	1716
4728	1194
4929	1333
1102	5447
925	981
4274	2004
2746	5365
1823	2080
1653	1717
1361	1490
5507	1620
1296	1286
2827	1751
2464	5545
4950	4795
4348	4393
107	1659
2949	2232
1999	5425
853	5596
1590	1893
1367	4713
4483	4483
2233	2232
1345	1255
512	1360
5116	596
596	2443
596	596
1517	596
595	1517
33	1517
594	5725
594	594
593	701
701	2012
5727	593
2876	979
2883	2876
2517	2883
2517	979
4638	2517
1144	1691
5728	1691
5728	2319
3022	2762
2762	2762
2762	712
1779	3010
1779	673
1656	1779
853	1779
1380	5267
3852	1380
1380	1538
1380	2260
33	2453
815	293
2276	1039
2824	850
5216	850
2427	850
2427	976
5216	976
976	850
812	2427
961	850
850	220
220	655
991	1620
1113	1684
1682	1113
1682	1682
1113	1685
1684	1685
655	1685
1682	1685
5121	1191
1192	1490
1492	1192
2339	1197
2340	2339
2050	1197
1196	1196
688	862
982	1268
1219	1268
4313	712
1212	712
5733	1285
5734	4597
1259	5734
2724	662
1253	2798
1234	1373
1625	1373
974	2729
2729	817
4621	2532
2992	310
658	1380
2403	2724
2403	662
696	5748
2427	663
2732	663
593	1589
1363	593
593	915
593	981
676	1516
2460	1516
2459	1516
1516	2454
1548	4008
1040	5749
2588	1040
1040	1010
1040	4663
4196	4663
4676	4663
5750	1208
4820	4950
4950	755
5459	536
536	5753
2377	536
536	4944
5754	536
871	536
5755	536
1672	536
1529	536
536	2426
536	5756
1573	536
536	5236
536	5022
1604	536
536	5757
5758	536
1703	536
1193	536
5759	536
536	213
536	837
2888	536
5610	536
761	536
5019	536
536	5013
536	2676
4365	536
536	2992
536	4294
5760	536
536	1363
5761	536
2037	5761
1206	2037
1206	5761
536	2552
1635	5548
2006	534
2585	2226
1217	5774
5774	2277
808	2767
695	770
2756	770
695	1987
675	1336
1548	1896
1702	1548
1548	731
697	2199
5783	731
2425	2398
5634	731
5360	5659
1546	1546
2353	728
917	1308
2332	1308
917	2353
2332	2353
2094	917
917	5733
917	1285
4276	917
1359	917
1234	1618
1216	1548
1548	1548
1216	1549
5642	1336
557	1341
557	4025
2250	974
979	44
1253	4277
1253	1253
1819	2221
2221	2219
963	2221
1255	2375
1558	700
700	696
512	700
5801	5477
4452	4821
3794	5802
3794	4452
5802	4452
4821	5802
3794	4821
1493	5803
1493	2007
2269	1493
5804	1493
2258	1493
5805	805
1141	5806
2917	5806
2771	5807
1150	2365
2471	2365
2366	2471
2366	1150
2856	5147
5147	2134
5147	5808
4101	2340
2340	5809
5809	2342
2451	5810
5811	2531
2528	5811
2231	5549
2856	2231
2234	2231
2393	2231
2393	2232
2233	2393
5640	5812
5640	2982
2991	5640
5640	831
5812	831
2982	5812
5812	2991
5627	831
1710	5813
1710	1712
2058	2496
2496	4244
2496	2489
2058	2145
2489	2145
2058	2495
2234	2489
4355	2489
2145	1726
5815	4792
4792	2232
4792	2233
2467	5816
5816	2470
5816	2297
5816	2029
5816	2028
5816	1488
709	859
2074	709
866	859
866	2074
2351	859
2074	2351
2389	859
2356	5821
859	5821
5821	2357
5821	2253
2254	5821
2275	5821
5821	728
859	2357
2937	2732
2579	2732
2732	1724
701	44
1330	1288
2587	1288
1288	1417
1288	1418
1419	1288
5827	2130
5827	5828
1549	5566
1549	5827
1549	5828
5566	5827
5486	5829
5486	5830
5830	5830
1172	5830
1172	1172
5486	1172
2243	2315
673	3010
3010	1656
3010	853
853	673
673	1656
4215	5121
5121	5277
2587	2427
850	2587
2587	656
759	2587
2587	5355
5266	2587
2587	2607
2570	2587
843	2587
848	2587
903	2427
850	903
903	759
1290	903
5216	903
903	5355
5266	903
1419	903
903	715
883	656
1330	1419
2145	2496
698	4405
698	5843
4217	862
5844	2942
2942	2004
2942	2234
5844	2234
2050	2489
1271	1524
2312	1271
4484	5134
4484	5845
1777	698
1777	5843
4850	5850
5851	5850
5852	5850
2609	5853
2609	5856
5310	2609
1743	4205
1740	1743
1739	1743
4205	1740
4572	1743
4572	4205
4572	1740
4572	1739
1740	1740
2262	411
2262	1271
1410	4539
4539	698
4640	2526
2526	2534
2526	2546
4083	2526
4083	2546
5859	4507
4507	4507
2408	2407
2408	2406
4124	5860
5860	959
2302	2540
5812	2321
2675	2322
417	2675
732	2514
5867	4275
5116	5116
593	152
5868	2727
2727	2530
2727	2088
2528	2727
2529	2727
2727	2531
2217	534
2304	2217
2217	1819
2217	2101
310	534
2233	5815
5815	2232
5869	1702
731	5869
2519	4213
5870	4213
700	700
5576	2308
2522	2319
1957	2319
2094	2094
2094	1359
5381	5671
5121	310
5875	1240
5875	1241
195	5875
5875	4774
5875	1457
1313	5875
5880	5037
5881	44
4488	5882
1653	995
5887	995
995	5888
995	2083
799	2970
5889	1898
2282	4191
2320	5897
5898	1142
5898	1141
5898	5205
1140	5205
1140	5898
4667	4244
2498	2494
2498	1460
1460	4667
2234	1460
4511	2494
4511	4667
2021	4511
808	2581
2338	1364
2296	1364
5899	2437
5899	2939
2939	2939
2581	1460
2947	1460
5900	2145
5901	2248
1197	2248
2248	1726
1197	1726
1672	4753
4244	2058
2693	2058
2145	4244
3967	5902
5902	5903
3967	5903
1254	2313
2352	1254
805	2095
2095	4115
4115	5904
310	4115
2361	4115
2361	805
5904	2361
2361	310
4115	805
4115	2871
805	2871
1403	4229
4272	1705
1705	3803
1150	1478
1478	1478
5889	1478
1399	1331
1736	5907
1736	2960
5907	2960
5910	1726
1726	5912
2496	1726
2247	2496
2145	1722
2145	2248
1793	954
954	5004
5583	5583
2489	2247
982	3022
5915	3022
4787	5916
681	3846
611	1617
5546	5917
1710	4528
868	826
938	868
868	2274
2524	2525
1908	1908
1410	1287
1287	2818
1287	956
2883	1287
2959	1287
1287	5922
5923	1287
1287	5924
1287	2878
1287	1194
4981	1287
1549	5925
4994	2214
2248	1722
5348	5679
2982	4214
4214	2983
770	1495
1510	770
5926	1230
1229	5926
1229	1306
2526	1229
3842	2519
933	2204
771	933
5805	933
44	933
3891	698
2269	1291
1292	2269
1291	2270
2270	1292
5870	2519
5870	854
973	5870
2134	2856
2496	2248
774	5927
5927	1408
4073	1408
5928	1013
840	2574
840	840
840	4397
4397	4397
72	5944
658	982
5915	658
5153	5116
5153	596
3999	5153
4792	2856
1826	2856
2233	2856
2856	2232
2134	4792
1826	2134
2232	2134
2134	2233
2007	2574
5945	2522
5946	2522
5945	1202
5945	2319
5946	5946
5946	5947
1957	5947
5947	2522
5947	590
5945	5947
2319	2574
1202	2574
590	2574
2574	5945
2574	2522
2574	5947
2574	152
2007	1202
590	2007
2007	2522
1202	5947
2574	18
18	2007
18	1617
5947	5501
5501	2007
5501	1617
5501	2336
2280	2847
5185	5948
5185	2501
5185	2065
5185	5949
5185	4822
5185	4473
1547	5185
5185	2631
855	5328
855	771
855	1920
959	855
855	1970
5950	855
2510	855
2480	855
5951	855
855	851
4253	855
655	855
855	1487
855	1620
5328	1147
1202	1957
1957	2256
1202	2522
590	2522
2255	1957
2255	2522
2255	590
2257	590
2522	2257
135	999
5153	135
5153	999
1957	1374
590	44
2257	44
740	2257
2257	1302
1520	2429
593	593
5860	5955
4472	5860
5956	1531
5956	5956
1658	152
1658	2574
1658	2007
2520	5870
1704	5870
4532	5870
4532	2519
1704	4532
2303	4532
5870	2303
1471	5870
1471	4532
5146	18
2434	18
5959	2479
5959	1508
1493	2479
1493	5959
728	2357
2357	2253
747	5821
2315	5821
2315	859
81	2315
2876	5989
1587	2884
979	1587
979	1471
1578	5298
1578	1530
5261	1587
1471	5261
5261	2819
5261	1176
1574	1575
1528	5343
2823	2822
2039	2806
2887	2807
2821	846
2821	5779
5989	2821
5992	862
5992	1040
2250	310
2251	125
2364	1150
4265	6251
963	6257
963	963
963	6258
6259	963
2026	963
6260	2427
2427	6261
5923	2427
2427	2732
6262	2427
6264	6263
6266	6265
4537	6265
6265	4246
4537	6266
6271	534
4381	534
534	2764
6279	2222
2143	963
2143	1803
2221	974
2221	2222
2221	770
2222	2222
2753	695
2753	1987
963	2753
2883	6282
1575	1322
1581	1578
1574	1578
1578	5261
1578	1573
5261	1574
5261	1573
2420	5477
2419	2420
6283	4601
4601	2945
2945	6283
2675	6283
2675	4601
2945	2675
2365	2675
2003	4728
1307	1307
1307	2238
2704	1476
2704	1549
2253	4385
6271	695
6271	1340
230	964
5255	4274
2522	2683
1995	2522
1202	1995
2256	1995
2683	1995
2257	1995
2255	1995
1995	1957
1995	590
2683	1202
2683	2256
2319	1995
1995	5947
2255	2683
2257	2683
2973	5577
4578	5577
5577	5902
5577	5903
5577	3967
5903	2058
4965	3977
2218	2219
2219	1819
2219	2304
6465	5152
6465	4405
1479	4313
4920	1181
4920	197
4920	5203
6356	4920
4920	418
4920	1687
4920	416
3897	4920
4230	4920
794	4920
4920	4925
4920	5734
4920	5044
213	4920
4920	6386
2826	4920
6509	4920
4920	6344
4920	6491
4920	5096
4920	4748
4453	4920
4470	4920
4920	4906
419	4920
4920	1892
6444	4920
1827	4920
2785	4920
6505	4920
4331	4920
4920	5152
6579	4920
4203	4920
4920	5130
6345	4920
4920	2034
5819	4920
4920	6291
4920	6428
4920	6326
4920	804
4920	6452
4405	4472
5656	6541
1449	5656
5596	673
3010	5596
1181	862
1234	6307
1631	1234
2010	2281
6541	5630
5915	1039
48	551
2546	48
48	5304
2710	1262
2269	1262
536	5817
536	2221
2582	5255
1611	2582
6467	2582
2582	6468
2582	4711
2319	6468
2320	3817
4571	5628
6496	1236
728	5037
48	5880
5880	4925
5880	728
2019	1423
1831	1772
1772	1671
2385	2386
4679	3970
3970	6401
5116	3970
2098	3970
6604	3970
4396	3970
3970	5182
6472	3970
3970	5283
6429	3970
2785	3970
5152	3970
5184	3970
3970	2272
4312	3970
5423	3970
6407	3970
3970	5395
6593	3970
6291	3970
6415	3970
2212	3970
3970	4839
4559	3970
6484	3970
3970	6317
3970	6507
6384	3970
909	3970
6488	3970
6378	3970
3970	6476
5635	3970
3970	1264
3970	6555
6326	3970
6491	3970
4741	3970
967	1263
6267	6430
1327	2561
1328	2343
1328	2561
771	710
710	981
785	3801
4954	785
785	2022
785	6597
2121	785
5577	785
785	1735
2467	1336
5442	1336
6547	1336
6355	2349
2509	747
2363	2362
1558	5079
1772	415
969	157
157	5817
157	6612
157	6381
157	6320
5851	157
2232	157
2949	157
2973	157
5850	157
6294	157
842	157
157	4894
157	1038
2887	1373
1533	86
6601	6603
1399	6612
1399	747
1399	1152
6427	6460
2365	5398
5398	6588
5398	3999
5398	4405
5398	5304
5398	6466
2972	2223
2575	60
60	1380
4896	60
848	794
2425	1438
714	5538
1448	5538
1009	1147
1009	418
6615	1009
2927	1009
1009	6505
1791	1009
5185	2620
985	4331
6488	1456
698	6488
4622	6488
6488	6291
6614	2544
2430	2721
2430	5818
4193	5818
1563	883
2436	2368
550	1518
2282	1943
6380	2282
2010	2282
2283	4191
2283	2010
6400	3905
4295	3905
1513	3905
2378	6355
2808	1526
2808	1527
2808	1528
4844	2808
2821	2808
2822	2808
2823	2808
1193	2808
2808	2039
2810	2808
6271	1717
1685	1112
1290	850
1290	5355
1290	2607
6437	1540
6437	6532
1868	6479
1868	4790
6595	2424
697	1896
418	697
3897	697
2529	5811
5811	1772
6308	3008
5177	4451
1772	5177
6289	2425
3035	2425
2293	2425
1587	2425
1772	2419
5304	2322
1772	2322
1319	2068
2068	2544
2068	6468
2068	1831
6531	2484
2516	1772
714	1557
18	1557
592	1557
2528	2529
2528	2530
2529	2531
2530	6498
2530	2527
4319	2874
2260	1566
1380	1566
2510	1493
6299	2563
5405	999
997	17
999	17
17	6577
17	71
1414	17
17	202
17	934
612	17
1575	1578
2883	1578
1578	6282
1587	2100
1587	1573
1575	1587
1587	1578
1587	1581
2883	1587
6282	1587
6617	1587
5072	2238
770	5072
1493	4495
1243	6468
1526	6468
5255	6468
1611	6468
6468	6467
6468	4711
2520	6468
2074	4193
2430	4193
1826	4193
4616	1935
6566	6464
6566	5480
985	6566
330	6566
5559	6566
5576	2037
1377	2082
1377	6416
728	33
5850	975
1236	867
1448	2223
1999	1448
6276	1448
6520	1448
1448	1636
4571	1448
2635	1636
1772	2734
6454	592
4396	663
1654	1533
4434	728
2410	658
2582	2410
2465	1678
4825	1691
1691	5924
1691	1612
985	4571
4571	330
592	5033
2510	548
549	548
548	550
550	549
550	6468
6541	512
5486	4942
5290	681
5290	597
3801	2246
2025	3801
1534	4558
6366	1374
4496	2081
4616	1754
4945	2789
551	719
719	549
719	550
719	4629
6586	2963
6440	6294
1825	4193
2546	6532
5370	1236
5127	5601
3971	5601
5395	6326
6326	6602
6488	6491
1884	1971
6392	6494
1868	6392
6392	6479
5304	6392
6466	6392
6392	4790
6392	6416
6404	1234
6404	1236
1112	1915
6424	6468
1563	2483
3035	2757
2757	5357
4376	2757
1575	2757
2757	2329
4790	6494
6567	6297
2887	6567
1234	1953
1774	1971
6430	2541
6481	418
18	4438
3996	1380
2246	2025
5577	6486
5577	2564
2741	2961
1199	4806
2684	3977
2218	2101
2304	2101
2649	2101
2304	2218
2649	2218
2304	2649
6329	6788
2649	1819
1212	4313
5267	4920
1117	2749
1117	330
698	4472
985	4472
3790	4472
2704	2789
418	2281
5395	6387
5395	6471
5395	4396
1892	5395
5267	5395
5395	6602
1113	3961
1113	655
1113	5152
3790	2298
2468	2467
2469	2467
2467	1488
6650	2467
2470	2467
2468	5816
2469	2468
6650	2468
2468	2470
6362	262
6601	6362
6362	6603
6362	6290
2546	262
5304	262
1685	2774
1685	2864
1685	1681
1488	1487
1377	5203
5203	2082
5203	1765
2355	6785
2083	6785
2529	5868
2530	5868
2531	5868
1148	2814
4143	2814
1149	2814
4065	2814
2355	931
2355	5888
2355	5330
1463	2355
2355	5485
2355	6838
4560	2355
2083	2355
4359	2355
2324	2512
2704	6274
6274	999
6274	612
1967	2386
6718	2386
6588	6612
6612	1408
6294	6612
6612	5304
6612	6440
2856	5808
2469	2029
1488	2029
6650	2029
2029	2470
6774	4165
4472	4484
2607	2346
6416	2346
6505	6819
6819	5816
2628	856
6282	2748
1587	2748
1590	2748
2748	979
6757	1377
6601	3897
6603	3897
2418	3897
3897	5889
1328	6713
6601	2418
6601	597
6290	6601
6465	1646
5398	6494
1868	5398
4790	5398
5398	6416
6659	1827
6347	6659
6465	1408
6416	1408
2607	1417
1290	1417
1417	759
1290	1419
759	1419
5318	4152
3003	2749
3003	1634
663	3003
3003	5507
4434	3003
3003	6661
1429	1427
6337	6505
6337	6488
3891	6337
1433	1435
1143	2418
2418	6290
5035	2869
6509	5035
3939	6771
2415	4571
2423	2512
5507	223
4434	223
5576	808
2308	2344
5761	2344
5576	5761
2249	5761
6464	2749
2749	663
2749	5507
2749	330
6661	2749
6601	1387
6603	1387
4472	5134
698	5134
6601	6748
6603	6748
6748	2418
5889	6748
6387	6488
6471	6488
4396	6488
5423	6488
3891	4771
3891	6471
4396	3891
4040	3891
1484	2314
2389	1484
3000	6837
6837	1332
1333	6837
1488	2297
6650	2297
944	2468
2470	944
4409	5912
6691	5912
5910	5912
834	5912
5912	6298
5816	2469
2582	4152
6468	4152
2536	2527
2536	2529
2530	2536
2536	2531
5590	5462
2808	2283
1526	2283
2283	2806
2283	1528
2283	4844
2283	2822
2283	2823
2818	2283
2283	1193
2039	2283
2810	2283
1524	1525
1525	2262
1528	2822
2822	4844
2039	2822
2822	2810
5355	2607
5355	2461
5152	3994
2427	6642
2427	715
2427	759
1470	2519
2303	2519
1533	1526
1528	1533
4844	1533
1533	2822
2810	1533
1791	1533
871	2469
6650	2469
6797	2469
2470	2469
2469	2028
5480	6819
6464	5480
5480	985
330	5480
5628	1868
6494	1868
6722	1868
1868	6819
1868	1408
1868	5843
4844	1868
2823	1868
5152	1868
1868	5111
1868	2810
1868	4405
746	1868
1868	5304
6416	1868
1962	1868
697	1143
697	6290
5261	1548
6282	1548
1548	1587
979	1548
2470	871
2512	799
2528	6498
2531	6498
2527	2531
2530	2531
6601	6790
6790	6603
6790	2418
6790	5889
1488	1489
236	999
236	17
725	837
837	610
1414	202
1414	612
2195	202
202	612
202	6745
2195	17
1470	5870
1591	2100
2100	2808
2806	2100
2100	1528
4844	2100
2822	2100
2823	2100
2039	2100
1573	2100
1575	2100
1581	2100
2100	1574
6282	2100
2100	1589
979	2100
2810	2100
1575	1573
1573	1581
6282	1573
1573	979
1575	2808
1581	1575
6282	1575
1575	1589
1575	1590
979	1575
2808	1578
2806	1578
1578	1527
1578	1322
1578	1589
1590	1578
1578	979
1581	6282
1589	1581
1590	1581
1581	979
612	6465
2100	2883
2883	1573
1575	2883
2883	1581
2883	1589
2883	1590
979	2883
2084	2355
6838	2084
6785	6838
6838	931
6838	5888
5330	6838
6838	1463
6838	5485
2083	6838
1148	4065
4143	4065
1149	4065
2010	4191
3967	2096
2806	2810
2810	1527
2810	1528
4844	2810
2810	2823
2810	2039
6659	5267
6291	5267
5267	976
2721	1826
2430	1826
5818	1826
1377	6828
1377	5632
1797	597
2083	931
5888	2083
5330	2083
2083	1463
2083	5485
6259	695
227	715
848	6683
2607	6683
6683	3994
6683	1290
6683	715
759	6683
1634	715
18	5407
48	592
5407	592
2364	6709
2443	2364
1032	2364
2471	2364
4202	2364
5507	663
4434	663
771	981
740	771
1433	152
6387	6501
6501	4771
6471	6501
6501	4396
6337	6501
985	4434
676	2459
839	5328
855	981
1714	4912
2250	6445
2010	2558
1517	2010
744	6842
839	343
2100	6731
6731	6282
1587	6731
1589	6731
6731	979
1587	2954
2954	1590
2954	979
2292	916
2959	2077
2960	2077
6734	1533
1935	1753
1753	4616
1738	1753
2946	1753
1754	1935
2946	1754
6294	4894
4771	4040
4396	4040
4040	6337
4741	4040
1841	6768
6465	5304
6494	5304
5304	6416
5507	6661
5816	6650
6650	2470
6650	2028
6387	6602
4771	6602
6602	6471
4396	6602
6602	5423
6385	979
4741	6387
4741	6471
4396	4741
6440	4894
2470	1336
2470	2028
2353	18
5811	1117
5100	5811
4774	5811
5811	1457
5811	2323
4616	6843
4616	2946
4616	1738
2946	1935
2946	1738
1738	1754
4616	6844
1935	6844
1935	6843
1753	6844
6843	1753
2946	6844
2946	6843
1754	6844
6843	1754
6843	1738
2467	6844
6844	2468
6844	2470
6844	2469
6844	871
6650	6844
6844	5816
1336	6844
6844	6797
1112	1682
1112	1684
1681	1112
2864	1681
1684	1682
1681	1681
5880	1039
2960	2293
2960	2292
2960	6640
2960	4701
2960	1737
2960	2959
2960	4595
2960	2720
2293	4450
4450	2292
4450	6640
4701	4450
4450	1737
4450	2959
4450	4595
4450	2077
4450	2720
1966	2386
2385	6718
1967	2385
2385	1966
2384	6718
1967	2384
1966	2384
6718	1967
1966	6718
4825	2321
1928	1296
1579	1296
1927	1296
1364	5775
1011	1531
1011	1656
1531	1656
3010	1011
2082	1765
2082	5632
2082	6828
2082	6757
5632	1765
1765	6828
6757	1765
5632	6828
6828	6757
5203	6828
6757	5632
6757	5203
6438	6757
6757	4430
4430	6438
4965	3978
86	2500
86	2501
911	86
4279	86
6405	86
5498	86
6406	86
812	5507
2836	5507
6514	5507
5507	227
5507	1421
715	5507
2390	1117
2933	2798
5992	2579
1212	1212
1212	1342
2277	1212
1212	2783
1212	8708
1212	732
2377	1212
1525	1212
3880	1212
5553	1212
1212	4804
1342	1342
8940	2354
2354	2717
2354	4731
2472	2354
2354	7678
60	2354
5107	2354
2080	2354
2354	1403
2354	817
1521	2354
2354	1744
3852	2354
1312	2354
1764	2354
4244	2354
2021	2354
1702	1896
1896	611
2425	1896
1545	1896
1896	2518
1896	2484
13	1039
1148	1149
1149	1658
701	1148
6621	1148
1148	4143
1148	14
611	2814
1149	6266
6266	611
4143	1149
1567	4610
4825	5116
1691	5116
5116	1215
6299	2734
1461	13
4028	5037
2213	2050
2234	2213
2213	2020
2582	2050
2050	6467
6468	2050
1611	2050
2050	5255
2050	4711
2050	6809
2582	2234
6467	2234
2234	6468
1611	2234
2234	5255
2234	4711
2234	6809
2582	2020
6467	2020
6468	2020
2020	1611
2020	5255
2020	4711
6809	2020
2475	6592
6299	6299
2734	2563
4081	4764
4081	6507
5815	4370
4370	2489
2949	2489
1236	916
4911	1236
7247	1236
1236	4527
1236	6307
1236	5956
4403	1236
8529	1236
8529	916
2293	916
8529	2293
2292	8529
8529	4595
2959	8529
2959	916
916	4595
1236	2959
4595	1236
1236	2292
1236	2293
4418	4418
5955	5955
967	967
4020	4020
1524	1524
3988	3988
2515	2515
2262	2262
1102	1102
764	764
2257	2257
2798	2798
911	911
4203	4203
5265	5265
830	830
2403	2403
2994	2994
5369	5369
4849	4849
6428	6428
2987	2987
2755	2755
2716	2716
939	1127
1132	939
352	939
1129	1127
1128	1127
1132	1127
1130	1127
352	1127
1132	1129
1128	1132
1130	1132
352	1132
352	1130
1128	1130
1129	1130
1549	4398
1548	4398
534	2222
534	5096
2633	2633
2633	2340
2260	2260
673	2260
2260	1656
2260	5596
2260	4333
1656	5596
1039	2798
4374	4728
1194	4374
4728	4373
4728	2019
1194	2019
2489	4728
2490	4728
2247	4728
4728	2234
2489	1194
2489	4374
4373	2489
2489	2003
4728	1611
1194	1611
696	2958
2958	710
2958	183
774	2958
2204	2958
1277	2262
2262	1236
417	2560
2150	417
4277	3833
1147	4277
4277	2546
1342	6374
844	1342
1600	1342
2246	4994
2876	2808
4638	2808
1322	2808
1581	2808
2808	2880
2808	1574
2808	5261
1573	2808
2883	2808
6282	2808
2808	1587
2808	1590
2808	979
1659	2808
2808	4637
1591	2883
4637	2883
4143	2883
2814	2883
2883	1149
6731	2883
979	1591
4637	979
2100	4637
5602	5602
5812	5602
5602	5640
6799	5602
2412	2956
2421	2412
1691	1215
4825	1215
714	15
25	8992
5915	589
5915	1266
2321	5915
982	2798
1627	1234
5259	5955
1236	5259
6817	1234
6817	1236
1626	2269
2020	2489
2050	2940
2020	2940
2940	2234
2234	2496
1735	1823
1823	2121
2025	1823
1823	2019
2492	1823
1823	2022
6597	1823
1823	4954
5577	1823
1823	7864
1729	1735
1729	2121
2025	1729
1729	2019
2492	1729
2022	1729
6597	1729
4954	1729
3801	1729
2022	1728
1728	2492
1728	1735
2121	1728
1728	6597
4954	1728
1728	7864
1728	3801
2025	1728
2019	1728
1729	7864
5577	1729
1823	1823
1823	1729
15	1549
2403	2374
2445	4418
2989	4418
4418	2274
4065	6621
6621	1149
4143	6621
6621	2814
2489	2232
2489	2233
1856	2386
1856	1967
2385	1856
1533	44
2721	4193
830	1611
2233	830
830	2232
2563	2563
7670	728
7670	1573
1791	1791
1791	6538
6538	6538
6538	3984
3984	1791
6538	1533
1752	1533
1752	2356
2356	7137
7137	1533
5505	597
680	5505
2279	2847
3029	3029
2417	2858
2422	2417
2417	2423
2417	8264
5801	4228
5903	2096
5902	2096
2096	2058
5577	2096
4783	7228
5956	1277
1277	5955
8051	5547
2451	5547
8051	2451
2414	2911
4398	2876
2883	1548
1548	2546
611	1548
1548	1659
44	1548
1548	5783
5783	44
740	979
911	1589
911	2883
979	911
44	911
911	5783
2238	4111
4189	2238
2238	310
973	2238
7592	7610
7610	7610
2517	7745
2917	1141
2539	2917
8847	1979
6624	8847
1141	1979
1685	2285
7864	2308
1850	695
963	1850
2222	2649
8544	5810
2451	8544
589	658
2448	1811
1811	2447
2446	1811
1202	839
1202	5328
1202	789
981	1202
1202	855
1686	1202
839	855
839	6818
839	2256
839	2257
1907	1897
1907	1907
695	6258
5219	596
596	6827
2334	6827
5524	6251
6251	802
6251	889
4398	1590
5261	4398
1548	1590
4398	4638
1548	4638
593	2574
591	2574
1039	1626
4298	4484
2433	2394
5542	2433
506	2433
5542	2020
2020	2394
5542	4962
4346	8949
7315	4346
4346	6469
2979	6469
6469	7315
4346	2979
1742	1549
1741	1549
1656	4333
673	4333
3010	4333
4333	853
5916	1637
6406	1635
2473	1502
2473	1503
1503	1504
1502	1504
1749	1749
1658	107
107	152
107	593
1658	593
593	1433
7971	33
3814	7592
3814	3814
7610	3814
8614	8795
698	5537
4484	698
5845	698
5845	4472
4484	4345
5845	4345
5192	6326
1142	5205
1791	5343
2771	417
18	417
2965	4451
2365	2365
2366	2365
3036	3038
3033	3036
2312	2252
1271	2252
2329	2252
2389	2314
2074	846
8110	506
2279	1199
1198	4806
4806	1200
5448	915
5093	5448
915	5093
1726	3977
2684	1726
834	3977
1286	5807
5807	1287
2771	1286
1287	2771
2359	2262
2251	2359
6638	2359
4601	4601
6283	6283
923	4601
6283	923
2945	923
5806	2451
2451	1141
1223	1117
985	1117
1735	7853
6277	6583
6277	8850
6277	2843
4529	8850
4529	2843
4363	5009
818	2982
818	2983
1255	2918
5191	1255
6375	6375
1548	2818
1548	2808
715	1418
715	2870
715	1421
715	794
1417	715
715	1633
850	715
759	715
715	1290
715	5216
5355	715
5266	715
715	2607
1648	715
715	1647
848	715
715	1289
880	880
1549	658
4290	801
2379	2329
2379	2312
4287	4287
33	1377
2309	230
5415	4485
7463	4485
365	365
1562	1617
2253	5888
5888	5485
1463	5888
2951	1460
3870	7592
8133	3870
832	880
4616	1432
2799	6786
2799	1237
7648	1483
2203	2203
6791	3792
1330	1330
903	1330
2587	2587
1417	1417
843	848
4409	6691
4409	5910
3984	6647
2981	2981
5671	5671
1333	821
821	6837
821	3000
821	1332
7472	1333
1332	7472
8257	2544
2843	8850
1302	789
2528	5868
1564	998
998	998
6486	2564
2722	2217
2304	2722
4476	817
880	817
311	197
310	30
5956	3009
5955	3009
8048	3009
2382	3009
3009	2240
2240	2240
2382	2240
2240	7297
1236	2240
5955	2382
5956	2382
44	24196
2145	5912
6691	5910
1002	6691
7853	5483
6691	7853
5483	5912
4409	5483
1002	5483
5483	5483
6703	3870
135	799
2582	4274
923	2453
2355	995
5888	4359
4359	4560
4969	658
868	821
826	2462
868	868
1746	4802
1746	1961
4913	4676
799	2322
2322	2322
6587	2322
2516	24270
6498	2529
4675	7960
4675	1652
2373	995
611	1935
1555	1935
995	2295
1563	4760
2477	2477
2473	2477
2477	4159
4411	4411
2475	2475
2475	1563
4411	7566
7566	7566
7566	2473
7566	4159
1563	7566
3839	3839
1563	3839
7566	7940
7940	2473
4159	7940
7940	1563
2473	2473
4159	2473
1593	2473
2302	2473
4159	1749
1749	1563
2474	4159
2474	1563
2791	4411
7566	2791
2791	4159
2791	1563
7940	2791
1471	985
330	1471
2303	330
2303	1471
2303	985
1618	1618
1549	1618
611	2468
611	2467
611	944
2468	2468
6700	2468
5162	2468
944	2467
1487	2467
2470	1487
944	2469
5989	2368
5915	25
2710	1039
5915	5116
1039	2410
2410	2321
6817	1039
6817	1549
5407	1039
2541	1039
2595	1039
1039	2949
1516	1039
2413	1039
2289	1039
1039	2260
2320	1039
1039	2516
1039	2575
7343	1039
1039	1559
881	1039
1039	3852
1039	1342
598	1039
1039	6276
1039	6427
1039	6483
2319	1039
1039	3817
2321	1039
1039	5588
1039	6295
1039	2771
3800	1039
2533	1039
2995	1039
1039	7167
1919	1039
923	1039
1039	2731
6340	310
2332	1444
917	5347
2639	917
5318	917
2332	5318
2332	6357
1958	2332
4957	2332
5347	2639
2639	5318
6357	5318
5318	1958
5318	4957
5318	5347
1444	5318
2887	1627
1627	5506
1373	5506
4853	1549
1549	2269
1618	1373
1236	1618
1236	2269
2270	1236
2241	1549
6817	1625
1628	1234
1524	1628
2239	5955
5956	2239
2239	1277
2239	7297
2239	2239
6531	6531
4281	6531
2291	2267
6375	7461
416	7461
1772	7461
770	8946
1236	2722
550	550
8976	8933
8123	4054
2856	7868
5808	7586
7586	2856
7868	7586
5667	2770
5144	8095
5599	8755
8659	5599
7741	8870
4145	2873
7607	7316
7675	4209
8846	1852
1852	4023
2856	1786
2769	2799
8004	1852
2775	7371
4529	2775
1786	5599
7741	1786
2613	4700
4023	7510
2770	2769
1889	2457
6791	2770
1889	2460
4410	8755
2856	7848
7848	5619
7371	4023
4023	7741
4023	1786
4023	2770
4023	4541
4410	4023
7438	4023
1852	3907
18	18
591	591
29076	4572
2271	1957
2271	2522
1288	2271
2271	1243
2638	1957
29083	2271
29084	2271
1957	27165
1957	29082
2937	5649
5649	2934
5649	1724
7485	7485
592	592
8754	2880
8754	1322
2301	2301
1306	7548
7548	6694
44	1659
29241	811
1548	1226
1547	1226
9002	7333
8840	7333
9002	9002
9002	8840
9002	8993
8995	8936
8957	9004
2558	2282
1150	1032
1150	4202
2443	1150
6351	1150
1150	6709
6351	2364
2471	1032
1032	4202
2443	1032
1032	6351
1032	6709
1226	2443
2471	1226
44	1658
107	44
2648	1999
4385	2266
7817	2266
550	2019
2574	1143
1143	1999
2821	2806
4862	4385
2265	7817
4385	2265
2806	2822
2806	1528
7970	1557
1526	2806
5656	5116
2818	2806
5728	712
2300	5656
4385	3916
3916	7817
1538	712
2253	7817
6645	4385
4844	2806
2823	2806
17	14
3945	4857
1532	4857
3945	4307
7661	1532
419	6510
6279	2143
2143	712
1414	6745
71	2195
610	2195
937	2195
6745	17
2195	6745
825	6745
850	759
759	6642
717	1702
29336	1399
1399	29857
1371	29335
1331	29335
6812	1399
1399	663
4345	1399
1399	2544
1399	2261
1399	6824
1399	1291
1399	6706
1399	712
2026	1602
1602	6259
6259	1987
6259	2746
2845	416
850	2607
1470	2520
1470	1704
4726	4726
7295	7295
46040	46040
5656	2012
4323	4323
4385	4323
4323	2253
1656	1656
673	673
5945	1897
7429	1625
903	2759
848	2759
2759	794
8842	3896
3896	3896
917	1263
5925	4873
2871	46327
2871	46328
46329	2871
6621	2078
6361	46366
6778	46370
2583	46370
6778	3980
6778	6778
611	6778
4667	2494
2494	2494
1549	2427
1256	3960
5537	44028
5355	850
850	5266
4407	850
850	2461
1647	850
850	843
1648	850
850	848
1289	850
850	227
850	2870
46465	2250
2972	5656
5656	411
411	5728
2321	411
2266	2582
3916	2582
2582	411
2319	2266
2319	411
411	3817
1587	110
2972	1772
1772	2254
1772	411
1336	1524
4304	1336
1951	1336
2972	4610
411	4610
2076	2275
411	60
5860	2972
2392	675
18	675
2254	675
411	675
411	1439
411	1447
2275	4331
2392	2368
2368	2266
2368	2254
411	2368
4862	2368
1493	2254
6295	411
6753	3905
2392	3994
2254	3994
2322	2392
2322	2972
411	2322
1557	411
411	1566
14	6468
6468	3916
2254	6468
411	6468
6566	2275
33	4255
2392	2436
2436	2254
2436	411
411	712
4571	954
548	2254
548	411
2254	512
512	411
411	1374
18	1825
2254	1836
2266	6617
6617	411
5516	2972
2972	6316
6316	411
3996	2972
4255	2822
1746	1746
2236	2236
2720	4595
5818	2721
8123	2960